MSOA21CD,Total: All usual residents aged 16 years and over in employment the week before the census,Less than 2km,2km to less than 5km,5km to less than 10km,10km to less than 20km,20km to less than 30km,30km to less than 40km,40km to less than 60km,60km and over,Works mainly from home,"Works mainly at an offshore installation, in no fixed place, or outside the UK"
E02002483,100,7.2,19.2,10.4,18.4,7,1.6,1,2.5,18.2,14.4
E02002484,100,15.3,20.4,6.9,17.6,5,1.7,0.7,2.1,13.8,16.7
E02002485,100,25.6,16.7,5.8,16,5.2,1.3,0.7,1.6,13.2,14
E02002489,100,28,12.9,4.4,14.3,4.4,1.6,1.2,1.9,15.9,15.4
E02002490,100,27,16,5.2,13.2,3.6,1.3,0.7,1,14.1,18
E02002491,100,19.4,26.3,5.6,13.3,3.3,1.5,1.1,1.7,12.2,15.4
E02002492,100,17.7,23,8.7,11.9,3.6,1.1,1.2,2.1,14.3,16.3
E02002493,100,8.3,22,11.7,14.2,4,1.6,1.3,1.7,20.5,14.6
E02002494,100,10.3,31.1,12,10.6,3.3,1.2,0.7,1.4,10.6,18.7
E02006909,100,5.9,18.5,12,15,4.9,1.9,0.9,1.9,25,14
E02007059,100,24,11.7,4.7,14.8,4.9,1.5,0.9,1.9,21,14.6
E02002496,100,21.8,18,11.5,6.8,2.6,2.3,1.3,2.1,14.5,18.9
E02002497,100,16.9,26.7,15.4,5.8,2.9,2.9,1.2,1.6,9.9,16.6
E02002498,100,20.3,24,9.2,6.5,2.4,5,1.4,2.3,10.7,18.2
E02002499,100,25,24.6,15.3,5.1,2.3,1.3,1.3,2.5,7.4,15.2
E02002500,100,20.7,21.6,10.3,5.7,2.3,1.1,1.3,1.4,19.9,15.7
E02002501,100,27.9,18.3,12.1,4.8,2.5,1.3,0.9,1.1,14.4,16.7
E02002502,100,13.7,29.1,18.9,5.2,2.8,0.8,1,2.1,9.5,17
E02002503,100,14.2,32.6,11.5,6,1.6,1.1,1.1,1.9,14.2,15.7
E02002504,100,13,27.7,9.9,5.9,2.4,1.2,1,1.7,20.7,16.5
E02002505,100,20.2,27.5,15.7,4.7,1.9,1.1,1.1,1.7,9.2,16.8
E02002506,100,29.1,25.7,10.8,3.8,2.1,1.3,0.8,1.9,9.9,14.8
E02002507,100,9.7,29.3,11.1,5.9,2.6,1.3,1.4,1.7,21.8,15.2
E02002508,100,5.6,30.4,13.6,6.5,2,1.5,1.2,2.2,21.2,15.7
E02002509,100,19,23.6,16.1,5.5,2.7,0.5,0.9,2.1,13.7,16
E02002510,100,4,26,17.2,9.3,1.7,1.6,1.6,2.2,21.2,15.3
E02002512,100,4.6,16.1,24.1,7.1,2.6,1.4,1.1,2,25.9,15.1
E02002513,100,7.8,17.2,24.9,9.3,3,1.1,1.2,1.6,17,16.7
E02002514,100,8.6,15.3,24.3,8.3,3.3,0.9,1,1.8,19.5,16.9
E02006811,100,6.5,16.4,22.6,8.5,3.1,1.1,1.4,2,24.4,14
E02002515,100,20.1,8.4,12,19.9,0.8,2.2,1.1,2.1,17.4,15.9
E02002516,100,20.6,7.8,11,21.2,1.6,2.5,1,1.5,15.4,17.3
E02002517,100,15,11.7,14.5,18,1.6,1.2,1.2,1.5,15.8,19.4
E02002518,100,9.4,11.2,11.5,24,1,2.5,1.5,2.1,22.2,14.7
E02002519,100,11.9,14.2,14.1,21.3,1.5,2.2,1.4,2.1,14.4,16.8
E02002520,100,5.4,13.2,12.1,22.8,2.7,2.5,1.3,2.6,21.8,15.5
E02002521,100,8.5,4.8,12.9,20.7,4.7,1.3,1.6,2.9,28.3,14.3
E02002523,100,11.6,18.7,28.5,8.8,1.7,1.6,1.1,2.6,8.8,16.6
E02002524,100,10.3,10.3,12.8,20.7,9.7,0.9,2.6,2.2,14.3,16.2
E02002525,100,7,18,26.4,9.3,2.3,1.2,1.2,1.9,14.2,18.6
E02002526,100,10.3,8,14.8,19.9,6.2,2.3,1.4,2.1,18,17
E02002527,100,11.9,10.9,8.8,20,14.9,1.2,3,2.6,11.9,14.9
E02002529,100,6.1,19.5,25.4,7.2,2.4,1.2,1.2,2.8,15.3,18.8
E02002530,100,5,10.4,9.8,21.4,10.6,2,1.9,2.5,17.4,19
E02002532,100,15.5,1.2,18.9,22.7,1.4,2.4,1.6,1.9,17.7,16.7
E02002533,100,9.4,2.8,19.3,21.6,1.6,2.1,1.9,2.3,23.2,15.7
E02002534,100,8.6,2.6,15.4,24.7,2.4,1.9,1.7,2.6,25.2,14.8
E02006812,100,3.9,21,25.6,8.7,2.9,0.7,1.2,2,16.9,17.1
E02006910,100,12.1,20.6,20.5,6.8,2.7,1,1,2.5,15,17.7
E02002535,100,8.4,10.4,28.2,8.1,3,1.9,1.7,1.9,22.7,13.8
E02002536,100,14.2,17.1,22.1,9.1,1.5,1.2,0.9,1.6,16.8,15.5
E02002537,100,17.7,16.7,23.5,6.9,2.1,1.1,1.3,1.5,14,15.1
E02002538,100,13.4,25.6,14.3,8.3,1.9,1.4,1.4,1.5,17.4,14.7
E02002539,100,3.2,7.6,19.6,18.5,3.2,1.5,1.5,1.9,31.5,11.6
E02002540,100,7.3,20.7,16.8,11,2.1,1.2,1.2,2.1,24.5,12.9
E02002541,100,9.8,26,14.2,9.5,1.7,1.5,1.1,1.4,20.5,14.4
E02002542,100,19,23.9,15.9,9.4,1.4,1.1,1,2,10.9,15.7
E02002543,100,17.5,18.3,17.4,11.5,1.9,1.5,1.6,1.4,14.3,14.6
E02002544,100,14.6,27.7,12.2,8.6,2.7,1.4,1.4,2.2,14.1,15.3
E02002545,100,10.6,17.8,18.7,11.3,2.1,0.8,1.7,1.6,19,16.4
E02002546,100,19,17.3,16.7,9.2,1.3,1.1,1.2,1.7,16.3,16.3
E02002547,100,9.7,17.2,16.8,10.1,2.5,2.1,1.5,1.5,24.6,14
E02002549,100,5.4,21,18.2,12.2,2.2,1,1.3,1.6,22.5,14.6
E02002550,100,11.6,16.8,15.2,10.1,1.7,1.2,1.1,1.9,24.9,15.4
E02002551,100,19.1,22.8,12.1,8.4,1.5,1.3,1.3,1.6,15.1,16.7
E02002552,100,14.8,23.6,16.2,8.2,1.6,1.3,1.4,1.8,16,15.1
E02002553,100,13,20.3,18.9,10,1.1,1.4,1.3,1.7,16.2,16
E02002554,100,14,21,18.5,9.1,1.7,1.1,1.2,2,15.2,16.2
E02002555,100,8.4,8.7,18.3,15.5,3.5,1,1.4,1.7,29.4,12
E02002556,100,4.8,10.9,23.7,11.8,3.1,1,1.5,1.7,28.1,13.5
E02002558,100,6.2,4.6,14.1,22.1,4.1,0.9,1.7,2.1,32.1,12
E02007060,100,17.6,20.9,14.3,7.8,2,2.4,1.4,2.3,17.8,13.5
E02007061,100,12.9,18.1,17,9,2.3,1.4,1.2,1.5,18.7,18
E02007062,100,5.2,11.5,23.3,14.3,2.8,0.8,1.7,1.9,27.4,11.1
E02007063,100,5.4,9.8,22.3,12.7,3.6,0.9,1.8,2.4,29.2,12
E02002559,100,5.1,12.7,14.4,9.7,9.6,1.9,2.1,1.8,31.4,11.3
E02002560,100,11.2,29.8,5,7.3,7,1,1.4,1.8,21.6,13.8
E02002561,100,8,28.6,5.4,10.5,6.3,0.7,1.2,1.1,24.3,13.9
E02002562,100,21.9,22.7,6.7,8.1,7.3,0.5,1.6,1.7,16,13.4
E02002563,100,14.6,25.9,6.1,8.8,6.4,0.6,1.8,2,20.1,13.9
E02002564,100,17.7,19.5,9.6,7.1,7.3,0.7,1.5,1.5,21.3,13.9
E02002567,100,24.7,16.5,4.9,8.7,7.8,0.8,1.3,1.7,19.5,14.1
E02002568,100,19.5,10.3,3.2,7.9,9,0.9,1.6,2.3,37.1,8.3
E02002569,100,12,14.8,6.3,8.8,7.6,1.4,1.6,1.7,35.2,10.5
E02002570,100,24,18.7,3.8,10.1,8.6,1,1.2,1.4,17.2,14
E02002571,100,21.8,20.6,3.8,11.3,6.4,1.1,1.6,2,16.5,15
E02002572,100,19.7,22,2.8,8.5,8.1,1.1,1.7,2.2,21.8,12.2
E02002573,100,4.1,12.2,14.5,14.5,7,1.5,1.4,1.9,31.1,11.9
E02007058,100,26.4,15.7,5.5,7.4,8.4,1,1.2,1.5,20.9,12.1
E02004290,100,4.8,10.8,17.8,18.1,3.4,1.9,1.1,1.1,26.1,15
E02004291,100,4.7,13.3,16.3,19.8,3,2,0.8,1.2,24.1,14.7
E02004292,100,8.7,6.4,15.6,19.3,3.1,2.3,0.9,1.1,29.1,13.5
E02004293,100,13.2,7.5,18,18.3,2.8,1.8,0.7,1.3,20.8,15.5
E02004294,100,7,5.2,15.3,19.3,3.6,2,0.7,1,34.8,11.1
E02004295,100,3.4,9.7,17.1,19,4.1,2.4,0.6,1,27.7,15
E02004296,100,3.5,12.9,17.5,18.2,3.7,2.6,0.5,1.1,24,16
E02004297,100,5.2,6.7,15.9,21.1,6.4,1.4,2.1,1.6,25.9,13.8
E02004298,100,6.7,9.6,6.2,18.5,9.6,2.8,1.7,1.7,29.9,13.4
E02004299,100,12.2,7.2,16,19.9,4.6,1.6,0.7,1,21.3,15.5
E02004300,100,8.1,12.8,9.9,22.4,6.8,2.1,1.3,1.5,18.5,16.6
E02004301,100,11.2,9.4,16.4,21.1,4.7,1.6,0.8,1,16.6,17.3
E02004302,100,11,10.8,12.1,21,6.5,1.9,0.7,1,17.8,17.2
E02004303,100,20.7,6.8,5.6,16.5,9.5,2.8,1.6,1.7,21.1,13.9
E02004304,100,19.4,11,6,16,9.4,2.3,1.2,1.2,18.2,15.3
E02004305,100,10,13.6,5,16.3,12.3,3.8,1.5,1.1,21.4,15
E02004306,100,3.8,5.3,13.7,20.6,8.5,2.2,0.7,1.4,30,13.5
E02004307,100,5.7,5,19.5,15.1,7.8,2.7,0.4,1.4,25.4,16.9
E02004308,100,10.5,10.4,5.5,15.8,5,3.2,0.3,1.3,37.4,10.6
E02004309,100,15.7,11.1,5.4,14.2,5.2,2.4,0.6,0.9,33.2,11.3
E02004310,100,3.9,17.9,11.2,16,6.3,2.5,0.3,1.1,25.2,15.6
E02004311,100,3.6,10.6,17.7,15.4,8.2,2.1,0.1,1.6,25.8,14.9
E02004312,100,8.7,13.5,7.7,14.8,9.2,1.8,0.5,0.9,32.1,10.9
E02004313,100,18.9,12.2,5.6,12.2,6,1.4,0.4,1.8,30.5,10.9
E02004314,100,13.5,3.9,3,6,5.4,1.7,0.2,9.7,50.2,6.3
E02004315,100,8.8,8,6.4,11.8,7.9,2.1,0.3,2.3,44,8.5
E02004316,100,4.7,9.5,15.4,15.3,7.9,2.7,0.4,1.2,21.9,20.8
E02004317,100,9.3,10.5,17,12.6,9.4,1.8,0.3,1.2,21.9,16.1
E02004318,100,5,9,15.4,13.2,10.9,1.8,0.5,1.6,31.6,11.1
E02004319,100,5.3,6.3,16.7,17,11.8,2.6,0.5,1.6,24.7,13.5
E02004320,100,7.5,9.6,17.8,15.1,8.1,2.8,0.9,1.1,24.7,12.4
E02004321,100,15.2,7.5,15.9,15.1,6.7,2.9,0.4,1.3,21.3,13.6
E02004322,100,15.1,9.9,16.3,15.4,7.4,2.6,0.7,1.5,17,14.1
E02004323,100,6,9.7,17.4,19,8.9,1.6,0.7,1.2,22.2,13.3
E02004324,100,5.8,18.4,5.4,18,9.7,2.1,0.7,1.7,24.8,13.5
E02004325,100,17.4,16.2,5.5,17.2,8.5,1.7,0.7,1.4,17.1,14.3
E02004326,100,11.3,10.7,9.8,19,10.2,1.3,0.6,1.6,19.2,16.3
E02004327,100,14.6,16.8,5.6,14.6,11.5,2.5,0.6,1.5,16.3,16.1
E02004328,100,28.9,6.2,5.1,18.1,8.6,1.4,0.5,1.3,17.2,12.6
E02004329,100,15.6,11.2,4.7,17.6,9.7,1.9,0.6,1.7,22.7,14.3
E02004330,100,8.6,10.9,13.3,14.4,12.2,3.5,1.5,1.8,17.7,16.2
E02004331,100,6.1,8,14.3,22,10.2,1.5,0.4,2.2,19.9,15.4
E02004332,100,5,13.5,7.2,20.4,10.3,2.7,0.8,1.7,23.1,15.3
E02004333,100,12.5,5.5,19.1,12.8,10.4,1.7,0.2,0.9,22.2,14.6
E02004334,100,5.4,6.6,11.7,26.8,9.2,2.9,0.7,1.6,18.3,16.7
E02004335,100,12.7,6.9,17.2,16.3,11,2.5,0.4,1.7,18.9,12.3
E02004336,100,7.7,10,15,19.4,8.5,2.1,0.9,1.9,18.5,15.9
E02004337,100,8,8,18.4,16.1,10,2.8,0.5,1.3,22.1,12.8
E02004338,100,7,9.5,20,17.3,7.8,3.2,0.6,2.1,17.4,15.3
E02004339,100,6,2.9,5.9,30.3,6.3,4.2,1.4,1.2,30.3,11.5
E02004340,100,10.6,18.5,12.2,15.5,7.3,3.5,0.8,0.8,15,15.8
E02004341,100,7.6,16.5,9.1,16.4,7.4,4.2,0.7,1.1,25.8,11.4
E02004342,100,18.4,20.1,10.5,14.8,6,3.5,0.8,1.1,11.9,12.9
E02004343,100,19.6,12.8,12.3,13.5,6.3,4.2,1,1.1,17.7,11.3
E02004344,100,22.9,10.6,12.2,12.9,5.8,2.5,0.8,1.1,19.3,11.8
E02004345,100,3.6,5.6,10.7,20.7,7.2,4.3,2.7,1.4,27.2,16.5
E02004348,100,7.3,1.8,4.5,11.4,11.2,7.9,4.9,2.1,32.8,16.1
E02004349,100,9,4.4,10.4,22.5,10.2,4.7,1,1.3,17.4,19.1
E02004350,100,7.7,5.1,11.8,18.9,9.8,4.2,0.8,1.4,23.9,16.3
E02004351,100,9.2,10.2,16.8,15.3,8.7,3.6,0.3,1.8,18.1,16
E02004352,100,12.6,11.5,13.2,14.2,7.2,3.2,1.1,1.9,19,16.2
E02004353,100,18.3,6.2,10.8,15.7,6.4,4.6,0.7,1.1,21.1,15.1
E02004354,100,8.1,14.3,8.2,19,7,4.4,0.5,1.2,20.3,16.9
E02004355,100,22.2,8.7,12.5,15.8,5.7,3.6,0.5,1.1,13.8,16.2
E02007022,100,18.5,2.6,3.8,7.1,9.3,6.7,5.9,1.9,29.9,14.1
E02005702,100,10.8,4.4,9.9,5.1,4.7,5.6,8.8,3,33.1,14.5
E02005703,100,31,2.5,3.7,7.9,4.7,4.3,8.3,1.7,18.5,17.5
E02005704,100,9.5,7.9,5.7,14,6.2,6.9,5,2,24.7,18
E02005705,100,5.1,1.9,3.2,10.3,7.7,8.6,6.8,2.2,36.6,17.6
E02005706,100,33.2,10.2,1,4.4,4.9,1.9,3.2,10.2,14.3,16.6
E02005707,100,16.3,10.2,4.8,8.4,3.3,2.5,3.1,10.9,24.5,15.9
E02005708,100,10.8,3.5,4.1,8.2,8,2.4,5.1,7.6,29.1,21
E02005709,100,22.4,7.4,13.4,17,4.2,1.5,0.9,2,14.8,16.5
E02005710,100,12.8,4.7,14.8,19.6,3.9,1.2,1.2,1.9,24.9,15.1
E02005711,100,18.6,5.6,15.5,17.7,3.9,1.6,1.2,2,16.8,17.1
E02005712,100,7,13.3,13.2,20.9,3.6,1.4,0.5,2.1,23.1,14.8
E02005713,100,6.5,8.3,15.9,20.3,3.4,1.1,0.8,2,29,12.6
E02005715,100,14.2,8.9,14.5,17.6,2.1,1.5,0.8,2.2,24.3,13.8
E02005717,100,3.6,6.6,22.9,16.6,1.7,1.4,1,1.8,29,15.4
E02005718,100,10.3,9,14.7,17,1.9,1.9,0.9,1.4,29.5,13.4
E02005719,100,4.4,8.3,22.7,16.3,1.2,1.1,0.5,2.1,27.7,15.8
E02005720,100,4.4,7.1,11,17.8,11.3,4.4,1.8,2.3,22.7,17.2
E02005721,100,5.5,13.2,11.7,10.9,12.7,1.9,0.4,2.1,29.2,12.6
E02005722,100,2.9,3.7,8.1,17.2,10.2,4.2,1.2,1.9,39.1,11.4
E02005723,100,17.1,4.9,10.1,12.7,11.5,1.6,0.7,2.1,26,13.2
E02005724,100,9.4,3.5,7.6,14.7,13,2,0.6,1.9,38.3,9.1
E02005725,100,6.1,1.7,8.4,23.6,5,1.4,0.5,1.5,40.2,11.6
E02005726,100,2.5,2.4,6.6,22,7.3,1.2,1.2,2.1,43.5,11.3
E02005727,100,5.1,2.4,4.9,9.4,6.5,5.3,7.6,3.1,37.9,17.8
E02005728,100,12.6,1.7,4.5,7.5,12.4,3.6,8.1,6,25.8,17.8
E02005729,100,4.5,4.3,5.2,24.2,9,2.2,0.9,1.9,36.5,11.3
E02005730,100,25.1,5.4,2.5,3.3,5,9.5,3.7,1.7,29.9,13.9
E02005731,100,14.1,3.1,4.8,26,8.6,1.1,0.9,1.5,24.9,15
E02005733,100,4.9,2.2,11.1,10.1,3.3,6.1,8.2,1.7,36.4,15.9
E02005734,100,9.6,14.2,8.5,17,9.3,1.1,1,2.3,18,19.1
E02005735,100,22.2,5.8,15.4,12.3,8.4,1,1.4,2.2,14.8,16.4
E02005736,100,15.9,9.3,13.1,16,9.6,1,0.8,1.6,18.3,14.3
E02005739,100,6,15.3,16.6,12.2,7.6,1.7,0.9,2.1,21.1,16.4
E02005740,100,11.1,13.9,14.7,16.1,3.7,1.6,0.6,1.8,18.6,17.8
E02005741,100,5.9,9.6,18,18,3.9,1.4,0.4,1.8,27.5,13.5
E02007105,100,14.5,9,16.2,13.7,8.8,1.1,1.1,1.9,20.1,13.7
E02007106,100,9.5,8.7,13.6,18.4,2.5,1.9,0.8,2,30,12.5
E02007107,100,4.1,4.7,6.7,10.3,12.5,5.2,1.5,2.3,40.7,11.8
E02001709,100,5.1,14.4,19.1,7.5,1.7,0.9,0.8,1.1,41.6,7.8
E02001710,100,13.8,21,16.7,5.7,1.5,0.3,0.7,1.2,24.4,14.6
E02001711,100,8.5,15.2,23.5,8.5,2.5,0.5,0.6,1.4,25.3,14
E02001712,100,10.4,19.8,10.3,5.9,1.2,0.6,1.2,1.2,44,5.5
E02001713,100,7.4,20.3,9.6,7.7,2,0.5,1.1,1.3,43.1,6.9
E02001714,100,11,18.7,11.4,6.1,1.5,0.4,0.8,0.8,40.7,8.5
E02001715,100,9.8,24.7,13,6.8,1.4,0.4,0.7,1.2,27.5,14.7
E02001718,100,9.2,23.8,15.6,8.2,1.8,0.3,1.2,1.4,22,16.5
E02001719,100,11.5,20.1,11.1,4.9,1.3,0.5,0.4,1.2,39,9.9
E02001720,100,15.3,17.1,9.2,5.9,2.2,0.5,1.6,4.8,37.5,5.9
E02001721,100,6.9,9.4,22.8,13.8,3.5,0.4,0.6,1.3,25.2,16
E02001722,100,9.4,16.3,25.7,8.4,2.8,0.3,0.5,1.1,20.5,15.1
E02001723,100,9.1,28.6,10.4,7.5,1.7,0.4,0.7,1.5,24.9,15.1
E02001724,100,20.3,10.7,9.5,5.9,2,0.8,1.5,4.1,39.6,5.5
E02001725,100,8.9,25.8,11.4,4.7,1.9,0.4,0.9,1,36.9,8
E02001726,100,9.6,24.7,13.6,6.9,2.2,0.5,0.5,1.3,23.4,17.2
E02001727,100,10.7,24.5,15.5,4.2,1.1,0.3,0.5,1.2,25.2,16.7
E02001728,100,9.1,15.1,23.4,8.5,2.4,0.4,0.6,1.3,23.4,15.6
E02001729,100,17.2,18.2,8.8,6.6,2.5,0.2,0.8,1.7,27.4,16.5
E02001732,100,9.9,22.3,17.3,8.1,2.5,0.4,0.8,1.3,21.7,15.7
E02001734,100,12.3,25.2,14.1,7.4,2,0.4,0.7,1.1,20.9,15.9
E02001735,100,18,27.2,17.7,4.7,0.5,0.5,0.4,1.8,14,15
E02001737,100,9.9,27.1,20.5,5.5,1,0.3,0.9,1.6,17.2,16.1
E02006893,100,6.7,12.9,24.5,9,2,0.3,0.7,1.6,26.8,15.3
E02007095,100,2.8,9.6,23.3,10.9,2.5,0.7,0.8,1.8,37,10.6
E02007096,100,5.4,12.5,21.5,7.6,2.5,0.6,1,1,36.8,11.3
E02007097,100,21.4,15.1,9.9,5.6,2.4,0.8,1.8,4.3,31.2,7.4
E02007098,100,15.1,25.1,16,3.3,0.9,0.5,0.4,1.3,21,16.5
E02007099,100,23.7,11.8,6.4,5.3,1.5,0.5,1.6,4.2,38.9,6.2
E02007100,100,23.6,11.9,8.1,6.8,2,0.9,2.3,4.7,30.2,9.4
E02007101,100,13.1,23.6,12.2,6.9,2.4,0.4,0.5,1,17.5,22.4
E02007102,100,22.5,14.7,6.7,6.8,2.1,0.4,1.8,2.8,30.4,11.8
E02007103,100,13.9,22.4,14.1,4,1,0.4,0.9,1.7,27.6,14.1
E02007104,100,20.1,21.6,11.6,8.3,1.9,0.2,0.9,1,15.5,18.8
E02001738,100,5.9,11.7,14.5,17.4,0.9,0.4,0.8,1.2,38.7,8.6
E02001739,100,6.9,15,22.2,10.4,1.1,1.1,0.4,1.1,27.2,14.5
E02001740,100,7,8.9,11,17.7,0.9,0.5,0.4,1.5,44,8
E02001741,100,4.1,10,24.5,13.2,1.7,1.3,0.7,1.3,30.7,12.4
E02001742,100,9.2,11.1,11.7,15.6,1.2,0.4,0.6,1,40.5,8.9
E02001743,100,9.3,8.9,8.3,18.7,1,0.6,0.6,1.1,42,9.5
E02001744,100,4.8,16.4,17.1,11.8,1.1,0.5,0.9,1,35,11.2
E02001745,100,9.2,16,22.2,8.4,1.1,0.5,0.7,1.2,28.8,11.8
E02001746,100,12.8,11.8,11,15.6,1.2,0.5,0.7,0.9,35.3,10.3
E02001747,100,8.2,11.5,9,20,1.2,0.4,1,1.3,36.6,10.8
E02001748,100,6.6,17.7,17.8,8.5,0.7,0.4,0.6,0.9,34.2,12.5
E02001749,100,9.2,13.4,21.3,6.9,0.6,0.6,0.4,1.8,33.9,11.9
E02001750,100,11.3,12.4,11.6,15.6,1.5,0.6,0.7,1.4,31.1,13.9
E02001751,100,10.5,13.9,22,6.3,0.8,0.5,0.4,1.1,32.4,12.2
E02001752,100,19.6,18.8,12.9,10.1,0.9,0.5,0.4,1.3,22,13.5
E02001753,100,7.6,11.3,6.6,19.4,0.9,0.4,0.9,1.2,41.3,10.4
E02001754,100,9.5,12.2,8.7,17.1,1.6,0.4,1,1,39.1,9.4
E02001755,100,7.2,16.6,19.1,6.3,0.8,0.8,0.6,1.1,37.2,10.2
E02001756,100,14.1,17.2,16.1,5.7,0.8,0.6,0.6,1.1,32,11.8
E02001757,100,18.6,15.2,11.4,12.4,1.3,0.2,0.6,1.4,23.6,15.5
E02001758,100,12.1,16.4,19.6,8.7,1.4,0.4,0.4,1.2,26.8,13
E02001759,100,12.1,14.9,10.9,15.6,1.6,0.3,0.6,1.1,31.4,11.4
E02001760,100,21.3,19,14.5,10.2,1.2,0.3,0.2,1.2,17.2,14.9
E02001761,100,9.9,22.9,18.1,6.5,0.8,0.5,0.2,1.7,24.6,14.8
E02001762,100,5.9,23.9,18.6,6.5,1,0.5,0.5,1.2,29,12.8
E02001763,100,14.4,19,20.4,6.6,1.7,0.4,0.5,1.5,21.7,13.8
E02001764,100,11.6,17.6,14.3,12.1,1.5,0.4,0.5,1.6,25.8,14.6
E02001765,100,9.9,19.7,20.8,6.2,1.6,0.2,0.7,1.5,26.2,13.1
E02001766,100,8.1,19.3,22.3,5,1.7,0.4,0.6,1.6,27,13.8
E02001767,100,6.7,23,21.4,4.6,1.2,0.3,0.6,1.3,26.7,14.2
E02001768,100,15.6,10.3,9.8,17.3,1.7,0.4,0.6,1.8,27.2,15.3
E02001769,100,20,10.8,11.8,14.5,1.5,0.3,1,1.4,22.4,16.3
E02001770,100,16.7,9.5,11.8,16.2,1.8,0.2,0.7,1.5,27.1,14.6
E02001771,100,10.8,19,13.9,14.2,2.1,0.3,1,1.5,19.8,17.4
E02001772,100,18.3,13.1,13.3,12.4,2,0.1,0.7,1.4,24,14.7
E02001773,100,11.8,13.8,14,12.6,2.2,0.5,0.8,1.7,28.2,14.5
E02001774,100,13.8,16.4,20.1,8.5,2.2,0.2,0.7,1.3,21.3,15.4
E02001775,100,8.7,22.1,16.4,13.6,1.6,0.2,0.7,1.6,18.7,16.4
E02001776,100,12.6,13.5,23.9,7.9,1.7,0.5,0.7,1.3,23.9,13.9
E02001777,100,7.9,11.6,26.9,7,1.6,0.3,0.9,1.4,29,13.3
E02001778,100,18.3,15.9,13.6,11.6,1.2,0.2,0.6,1.5,21.5,15.7
E02001779,100,14.4,19.9,14.5,10.8,1.5,0.2,0.9,1.7,18.2,17.8
E02001780,100,9.5,18.8,16.5,12.1,2.4,0.3,0.6,1.5,21.5,16.9
E02001781,100,12,27.1,15.9,8.8,1,0.2,0.6,1.6,15.9,17
E02001782,100,8.9,15.1,27.7,6.1,1,0.4,0.9,1.3,24.4,14.3
E02001783,100,12.8,26.9,14.1,11.1,1.4,0.2,0.4,1.9,15.6,15.4
E02001784,100,10.6,19.1,22.6,6.1,1.3,0.5,0.6,1.5,21.4,16.3
E02001785,100,3.8,12.2,24.1,12.7,2.7,0.7,1,1.6,26.1,15.2
E02001786,100,9.2,25.6,14.4,11.5,1.3,0.3,0.4,1.5,18.3,17.5
E02001787,100,8.6,18.5,25.6,5.7,1.5,0.5,0.9,1.3,22.1,15.3
E02001788,100,9.2,18.8,21.8,8.3,2,0.6,1.3,1.7,22,14.4
E02001789,100,3.9,16.7,14.3,12.7,2.5,0.3,1.2,1.2,36.2,11
E02001790,100,5.9,15.7,19.6,10.6,2.2,0.4,1.2,1,30.7,12.7
E02001791,100,7.7,16.1,15.3,14,2.3,0.9,0.9,0.8,29.6,12.4
E02001792,100,7.2,15.7,14.2,13.1,2.5,0.6,0.7,1.4,32.2,12.5
E02001793,100,13,27.6,19.3,9,1.1,0.3,0.6,1,13.5,14.5
E02001794,100,14.1,26.2,15.3,9.6,0.8,0.7,0.6,1.3,15.8,15.5
E02001795,100,16.6,18,15,10.9,1.9,0.6,0.5,1,19.5,15.9
E02001796,100,13.4,14.6,14.2,12.3,2.5,1,0.9,1.2,25.4,14.5
E02001797,100,8.4,17.7,19.5,9.8,1.4,0.7,0.5,1.3,28.4,12.5
E02001798,100,14.6,24.7,16.5,8.7,0.9,0.5,0.6,1.3,16.9,15.3
E02001799,100,18.9,19.8,18.6,6.9,0.9,0.3,0.3,0.9,18.6,14.8
E02001800,100,14.8,15.2,19.6,9.5,1.3,0.9,0.5,1.1,23,14.2
E02001801,100,26.8,14.1,11.8,12.1,1.6,1.2,0.7,1.8,16.3,13.7
E02001802,100,20.5,26.6,11.9,8.8,0.8,0.7,0.5,1.5,15,13.7
E02001803,100,20,12.6,12,13.7,2.6,0.9,0.4,1.8,23.9,12.1
E02001804,100,11.6,29.3,11.7,8.6,1.3,0.8,0.4,1.5,19.8,14.9
E02001805,100,20.5,20.8,9.3,10.7,1.7,0.9,0.5,1.6,20.6,13.4
E02001806,100,16.3,17.5,12.7,13.2,1.9,1.2,0.4,1.3,21,14.5
E02001807,100,14.2,13.8,17.5,12.3,1.1,1.1,0.8,1.1,26,12.2
E02001808,100,19.3,15.4,9.4,13.8,1.8,0.9,0.6,1.3,24.9,12.6
E02001809,100,14.8,12.6,19.3,11.3,0.8,1,0.5,0.7,26.8,12.2
E02001810,100,12.1,11.9,18.9,14.7,1.1,1.2,0.6,1,26.8,11.7
E02001811,100,8.7,31.2,12.6,9.3,1.2,1,0.3,1.3,19,15.4
E02001812,100,14.1,13.7,10.4,12.2,1.9,1.4,0.5,1.3,32.3,12.2
E02001813,100,11.8,28.4,14.6,9.4,0.9,1,0.1,1.5,16.5,15.9
E02001814,100,10.4,20.7,13.2,12,2.5,1.1,0.5,1.4,23,15.1
E02001815,100,6.3,14.9,17.6,15.7,1.4,1.1,0.7,0.8,30.1,11.3
E02001816,100,9.1,23.4,17.8,11,1.4,0.8,0.3,1.2,20.3,14.9
E02001817,100,9.1,21.1,14.6,12.2,1.6,1.5,0.2,0.9,23.8,15.1
E02001818,100,7.1,18.8,15.2,14,3.4,2.1,0.4,1.1,23.9,13.9
E02001819,100,5.4,15.6,17.8,13.3,1.9,1.5,0.3,1,29.4,13.7
E02001820,100,4,13,23.6,15.3,2.1,1.4,0.3,1.1,25.6,13.4
E02001821,100,6.2,16.2,17.6,13.6,2.8,1.4,0.2,1.7,26.2,14
E02001822,100,5.1,10.6,24.8,14.1,1.9,1.7,0.2,0.8,26.5,14.3
E02001823,100,8.9,7.6,24.9,15.2,2.3,1,0.2,1,24.1,14.8
E02001824,100,8.6,6.1,26.9,13.6,3,1.2,0.1,1,25.1,14.4
E02001825,100,8.4,6.6,21.4,19.8,3.8,1.2,0.4,1.5,22.7,14.3
E02001826,100,7.9,6.8,16.9,21.6,5.6,1.1,0.2,1.4,22.3,16.3
E02001682,100,6,8.9,21.5,15,3.7,0.5,0.7,1,29.1,13.6
E02001683,100,4.7,8.8,12.6,24,5.8,0.5,0.5,1,27.8,14.3
E02001684,100,9.4,21.5,22.6,5.3,1.4,0.2,0.9,0.7,24.4,13.7
E02001685,100,10.1,13.6,23.2,11.3,3,0.4,0.6,1,22.1,14.6
E02001686,100,8.8,12.2,20,11.8,3.1,0.4,0.6,1.3,27.1,14.6
E02001688,100,13.2,25.8,8.7,8.1,2,0.5,0.9,1.1,27.7,12
E02001689,100,24.6,20.2,9.9,5.9,1,0.3,0.4,1.2,24.7,11.8
E02001690,100,13.4,14.4,16.6,10.8,1.6,0.4,0.3,1,29,12.4
E02001691,100,16,21,11.3,6.5,0.8,0.3,0.8,0.9,31.1,11.2
E02001692,100,19,23.8,14.8,5.4,0.9,0.4,0.5,1.3,18.5,15.3
E02001693,100,13.9,22.4,18.9,6.3,0.7,0.3,0.5,0.9,21.6,14.5
E02001694,100,10.7,24.8,13,8.9,2.2,0.4,0.6,0.9,24,14.5
E02001695,100,4.7,16.7,26.3,7.9,1.1,0.7,0.5,1.3,28.7,12.4
E02001696,100,8.4,23.8,24.5,5.9,0.8,0.4,0.6,1.1,19.8,14.6
E02001697,100,12.6,18.2,14.2,8,1.6,0.7,0.5,1.2,33,9.9
E02001698,100,5.1,12.6,21.3,11.8,1.5,0.4,0.5,1.2,34.3,11.3
E02001699,100,11.1,22.8,19.4,7.4,0.4,0.2,0.5,1.3,21.7,15.2
E02001700,100,7.1,20.2,16.7,11.7,1.3,0.5,0.4,1,28,13.1
E02001701,100,11.6,13.4,17,9.5,1,0.7,1,0.8,34.4,10.6
E02001702,100,12.6,23.1,19.8,7.4,1.1,0.3,0.5,0.8,19.2,15.1
E02001703,100,3,5.8,19.4,18.6,4,0.6,0.7,1.3,33.2,13.3
E02001704,100,12.3,20.5,20.2,8.4,1,0.5,0.3,1.2,21.1,14.4
E02001706,100,7.6,15.8,21,12,1.5,0.9,0.9,1.1,25.9,13.3
E02001707,100,11.5,9.7,22,15.1,1.3,1.3,0.8,0.9,23.6,13.8
E02006841,100,14.4,17.2,10.7,8.1,1.8,0.5,1.6,2,34.2,9.4
E02006842,100,19.4,20.6,14,6.1,1.1,0.6,0.9,1,27,9.2
E02007094,100,4.8,4.3,16.6,23.9,6.1,0.3,0.5,0.8,25.2,17.6
E02002574,100,5.1,13.3,18.5,13,3.4,2.2,0.7,0.9,31.8,11.1
E02002575,100,5,12.4,15.9,15.2,3.9,2.3,0.7,0.8,32.7,11.1
E02002576,100,14.9,12.6,17.6,10,3.5,1.8,0.7,1.1,23.1,14.7
E02002577,100,10.5,20.4,17,13.9,3.2,1.6,0.6,0.8,17.1,14.9
E02002578,100,17.3,11.1,17.2,10.1,2.8,1.8,0.3,1.1,24.7,13.6
E02002579,100,16.8,16.4,14.8,12.8,3.3,1.9,0.4,0.9,17.5,15.2
E02002580,100,22.6,15.6,15.6,10,2.7,1.8,0.2,0.7,14.9,15.8
E02002581,100,8.5,14.6,15.5,16.5,2.7,1.7,0.8,1,25,13.7
E02002582,100,5.5,10.7,11.6,9.6,7.7,2.6,0.9,1.1,39.7,10.6
E02002583,100,16.1,23,10.1,9.4,4.9,1.3,0.5,1.1,20.2,13.5
E02002584,100,15.6,19.1,9.9,12.3,3.4,1.8,0.5,1.2,22,14.1
E02002585,100,9.1,18.5,13.5,13.2,3.8,2.4,0.4,1.1,25,13
E02002586,100,18.9,23.3,8.5,10.6,4.1,1.4,0.6,1,17.3,14.4
E02002587,100,11.7,16.9,15.2,11.5,5.7,1,0.5,1,22.6,13.9
E02002588,100,15,21.8,11,11.5,6,1.4,0.5,0.9,18.5,13.4
E02002589,100,9.7,16.3,9.2,14.4,4.8,2.5,0.9,1.7,28.9,11.8
E02002590,100,4.3,7.2,12.6,14.2,5.3,2,0.4,1,41.5,11.4
E02002591,100,6.1,8.2,13.4,15.5,4.5,1.9,0.9,0.7,36.8,12.1
E02002592,100,3.7,14.6,17.3,8.5,7.1,1.8,0.4,0.9,34.3,11.6
E02002593,100,12,8.8,14.5,10.5,4.4,1.5,0.3,1.1,34,12.9
E02002594,100,15.2,7.6,16.4,10.7,3.8,1.9,0.3,0.8,31.4,11.9
E02002595,100,11.4,29.9,10.9,7.6,4.8,0.9,0.3,0.6,17.5,16.2
E02002596,100,7,23.7,8.5,8.3,5,1.9,0.4,1,30.7,13.5
E02002597,100,10.5,31.5,10.2,8,4,1.4,0.3,0.8,17.2,16.1
E02002598,100,7.6,13.3,11.5,7.3,7.5,1.9,0.6,0.9,39.8,9.5
E02002599,100,10.6,14.1,10.9,7.9,7.1,1.5,0.5,0.8,36.3,10.4
E02002600,100,16.4,24.3,12.3,7.4,4.8,1,0.1,0.9,17.7,14.9
E02002601,100,11,22.4,7.8,8.4,5.1,1.3,0.4,1,29.1,13.5
E02002602,100,20.9,23.2,10.7,5.8,5.6,1.1,0.5,1.2,17,14
E02002603,100,8.1,16.5,12,9.9,4.6,2.2,0.7,1,30.6,14.6
E02002604,100,7.1,16.3,15,7.7,6.9,2.1,0.5,0.6,33,10.8
E02002605,100,9.7,20.7,12.4,6.4,6,1.8,0.5,0.8,28,13.8
E02002606,100,17.9,18.8,14.3,6.8,4.3,1.1,0.4,0.6,22,13.9
E02002607,100,15.1,18.6,13.4,6.4,5.6,1.5,0.5,1.1,26,11.7
E02002608,100,5.2,19,14.6,8,6.4,1.6,0.5,0.9,31.9,11.8
E02002609,100,11,22,10.7,9.2,4.9,1.5,0.2,1.4,23.9,15.2
E02002610,100,5.1,3.4,12.9,16.1,5,3,0.9,1.1,42.9,9.7
E02002611,100,4.5,15.7,7.9,10.7,7,2,0.7,0.8,39.7,11
E02002612,100,7.6,11.3,9.5,7.5,7.6,1.9,0.7,1,43,10.1
E02002613,100,2.8,8.9,10.8,8.9,7.7,2.3,0.7,1,46.9,10.1
E02002614,100,3.7,8.5,9.7,8,9.3,1.9,0.5,1.1,50.6,6.6
E02002615,100,12.3,23.4,10.2,10.4,2.9,2.7,0.9,0.8,21.8,14.8
E02002616,100,14.1,20.6,7.4,11.8,3.2,3.5,0.8,0.9,25.3,12.4
E02002617,100,26.8,19,5.9,9,2.5,2.3,0.8,1.4,17.8,14.6
E02002618,100,27,15.7,5.4,11.2,2.6,2.8,0.9,0.6,19.9,14
E02002619,100,20.2,20,6.6,12,4.6,2.6,0.7,1,17.1,15.3
E02002620,100,29.4,19.5,6.6,12,2.7,2.3,0.7,0.6,14.2,11.9
E02002621,100,35.9,11.9,5.5,9.9,2.2,1.9,0.8,0.7,16.3,15
E02002622,100,28.4,22.8,8.2,10.9,2.2,1.5,0.6,1.1,11.2,13.1
E02002623,100,23.2,25.3,7.6,10.9,3.1,1.6,0.6,0.7,12.9,14.1
E02002624,100,5.1,22.8,12.7,12.8,4.8,2.3,0.8,1.1,26.2,11.5
E02002625,100,28.2,20.3,6.8,11.9,2,1.6,0.8,0.7,15.3,12.4
E02002626,100,11.6,30.8,9.1,11.6,3.5,1.6,0.6,0.6,15.5,15.3
E02002627,100,10.5,27,7.6,13.6,2.9,1.5,1,0.9,22.4,12.6
E02002628,100,16.2,21.5,10.1,12.6,4,1.1,1,1.1,18.5,14
E02002629,100,17.6,15.3,15.8,13.4,3.4,1.4,0.4,0.9,17.3,14.5
E02002630,100,16.3,14.6,14.4,14.3,4.2,1.2,0.9,0.6,19.6,14
E02002631,100,10.2,9,19.7,15.3,6.2,0.8,0.4,0.8,22.9,14.7
E02002632,100,3.5,8.4,16,15.7,6.1,1.1,0.9,1,34.8,12.5
E02002633,100,11.5,13.3,23.5,5.5,2.8,0.9,1,1.8,21.3,18.5
E02002634,100,11.5,20.6,16.9,4.9,3.5,0.6,1.1,1.9,22.2,16.8
E02002635,100,11.4,21.4,15.1,5.2,2.5,0.7,0.9,1.9,24.6,16.3
E02002636,100,14.2,23.7,12.9,4.5,3.2,0.5,1,1.3,21.8,16.9
E02002637,100,17.9,22.6,10.9,4.3,3.6,0.5,1,1.7,21.7,15.8
E02002638,100,17.8,20.6,11.4,4,3,0.4,1,1.4,25.3,15.2
E02002639,100,20.4,31.1,12.2,3.3,2.3,0.7,0.7,0.9,11.6,16.9
E02002640,100,28.6,22.5,10,5,3.3,0.8,0.8,1.7,11.5,15.7
E02002641,100,29.4,21.4,6.5,3.4,3.4,1.1,0.9,1.2,18.2,14.5
E02002642,100,27.6,22.1,5.8,3.6,2,0.7,0.6,0.9,23,13.7
E02002643,100,25.9,20.9,9.7,3.7,2.1,0.9,0.7,1.1,16.2,18.6
E02002644,100,21.1,20.4,10.6,2.9,3,1.2,0.8,1,21.9,17.1
E02002645,100,19.6,21,8.7,4,1.9,0.9,0.6,1.5,26.8,14.9
E02002646,100,16.4,25.5,13.1,4,2.5,0.9,0.9,1.3,17.6,17.8
E02002647,100,22.2,25.3,11.3,3.2,2.7,1.3,0.7,1.3,14,18.2
E02002648,100,21.4,26.8,10.6,3,3.3,1.1,0.8,1,14.8,17.2
E02002649,100,15.2,24.3,8.9,4.7,3.3,1.1,1.1,1.7,22.5,17.2
E02002650,100,16.3,24.3,9,4.2,2.9,1.2,0.8,1.2,22.7,17.4
E02002651,100,14.1,24.7,10.3,5,2.6,1.3,0.8,1.6,23.5,16.3
E02003811,100,3.5,6,6.2,16.9,6.1,2.3,1,1.2,46.1,10.5
E02003812,100,8,2.4,5.1,16.3,7.2,2.6,1.3,1.3,46,9.8
E02003813,100,11.8,5.3,15.8,11.8,7.5,3,0.9,1.2,30.5,12.1
E02003814,100,9.5,4.6,15.6,11.2,8.1,3.5,1,0.9,33.3,12.2
E02003815,100,16.1,5.6,3.9,23.1,5,2.1,0.4,0.7,25.6,17.3
E02003816,100,16,2.4,3.5,24.3,5.9,2.1,0.8,1.2,29.1,14.7
E02003817,100,11.8,4.9,5,21.6,5.4,2.1,1,1,34.2,13
E02003818,100,7.1,7.4,2.8,18.3,6.5,2.2,1.2,1.2,40.1,13.2
E02003819,100,9.1,2.4,16.6,12.3,4.8,3,1.4,1.6,38.3,10.6
E02003820,100,8.2,4.4,17.4,10.9,6.1,3.7,1.5,1.3,36.5,10
E02003821,100,10.6,3.4,17.3,11.7,5.1,3.2,1.2,1.3,33.4,12.9
E02003822,100,2.5,6,12.5,18.8,5.4,2.7,1.5,1.5,35.4,13.7
E02003823,100,7.8,3.3,15.9,18.3,5.3,2.6,1.8,1.7,31.6,11.8
E02003824,100,6.5,2.3,15.5,19.4,4.1,2.5,2.1,1.1,35.3,11.3
E02003825,100,18.6,17.3,11.9,6.3,4.5,2.5,1.5,0.9,24.3,12.1
E02003826,100,14,27.7,8.3,9.3,4,2.7,1.2,1.5,17.9,13.6
E02003827,100,22.9,21.6,9.2,10.4,4,2,1.7,0.9,13.6,13.8
E02003828,100,20.7,21.4,9,10,4.1,2.5,0.8,1.5,15.7,14.1
E02003829,100,20.6,19.6,6.6,7.6,4.1,3.3,3.5,1.3,22.4,11
E02003830,100,22.7,23.2,7.2,10.1,3.6,2.5,1.1,0.8,15.2,13.5
E02003831,100,4.3,13.2,13.4,10.6,3.8,2.6,2.3,1.5,36.7,11.7
E02003832,100,28.8,17.5,6,12,3.3,2.1,1.3,1.3,15.6,12.1
E02003833,100,13.1,26.7,4.2,8.1,3.7,3.4,2.1,0.7,23.4,14.7
E02003834,100,27.3,15.9,5.4,11.4,4.5,2.8,1.1,1.2,18.5,11.9
E02003835,100,5.2,25.9,3.9,7.5,3.5,3.8,1.9,1.3,36.7,10.5
E02003836,100,17.3,6.3,15.2,7.3,4.8,5.5,2.1,1.3,28.2,12
E02003838,100,4.2,21.6,10.1,9.5,3.4,3.2,2.8,1.2,31.6,12.4
E02003839,100,13.3,3.9,18.3,6.5,4.9,4.2,2.6,1.3,33.1,11.9
E02003840,100,3.4,3.5,8.1,14.6,6.2,3.6,3.9,1.7,42.7,12.3
E02003853,100,5.3,4.7,11.4,16.3,3.6,2.4,1.6,1.3,41.6,11.9
E02003854,100,9.2,5.6,13.3,11.2,3,3,1.3,0.9,42.2,10.2
E02003855,100,8.1,5,14.6,10.1,2.5,3.4,1.5,1.1,43.9,9.8
E02003856,100,10,10,11.2,11,2.9,3,1.1,0.7,38.2,11.8
E02003857,100,8.3,6.9,10.6,10.9,2.8,2,1.2,1.3,45.9,10
E02003858,100,6.7,3.6,9.3,11.5,3.7,2,1.5,1.4,53.5,6.9
E02003859,100,3,5.2,8.3,13.6,7,2.1,0.8,1.4,47.2,11.3
E02003860,100,7.7,3.8,8.5,10.9,4.3,1.6,1.1,0.9,52.8,8.4
E02003861,100,12.2,3.8,6.9,15,6.5,1.8,0.7,1,39.8,12.4
E02003862,100,2.3,7,9,9.2,6,2.6,1,1.1,53.3,8.4
E02003863,100,7.4,2.6,4.1,14.1,7.5,2.5,1,1.2,52.3,7.4
E02003864,100,3.9,5.4,9.2,11.2,6.6,1.5,1.5,1.1,51.1,8.5
E02003865,100,7.7,12.1,9,9,4.4,2.1,0.7,1,40.9,13
E02003866,100,14.5,9.3,4.9,9.5,5.4,1.6,1,1.1,44.7,7.9
E02003867,100,14.6,15.7,6.3,9.6,6,1.1,0.8,0.7,34.1,11.1
E02003868,100,22.9,10.2,3.5,9.6,6.1,1.7,0.6,1,32,12.4
E02003869,100,23.1,7,4.8,9.4,6.4,1.3,0.9,0.9,36.8,9.4
E02003870,100,24.4,8,4.9,10.1,6,1,0.7,0.6,33.3,11
E02003871,100,16.8,17.5,7.1,9.6,6.4,1.2,0.9,1.1,24,15.5
E02003872,100,3.6,9.7,8.4,11.6,6.3,2.4,1.2,1,44.4,11.4
E02003873,100,21.2,14.2,5.1,11.4,5.6,1.1,0.4,1,26.3,13.6
E02007030,100,5.6,7.1,13.6,8.6,5.4,4.1,2.8,2.8,38.9,11.2
E02007031,100,5.5,6.6,13.4,9.4,3.8,4,2.8,1.2,42.7,10.5
E02003794,100,4.5,7.2,16.8,13.6,7.4,1.5,1.8,1.4,33.1,12.8
E02003795,100,6.4,14.1,13.7,6.5,8.1,1.8,2.9,4.2,30.5,11.8
E02003796,100,14.4,15.6,9.7,6.7,6.4,1.1,1.7,0.9,31,12.4
E02003797,100,17.4,9.5,8.9,7.9,6.3,1.4,1.9,1.3,37,8.5
E02003798,100,20.2,23.1,13.3,5.1,3.9,1.8,1,1.3,14.9,15.3
E02003799,100,15.1,28.1,11.8,6.3,4,2.1,0.9,1.2,15.5,15
E02003800,100,3.9,3.6,10.5,16.5,7.4,2.3,1.6,1,41.1,12.1
E02003801,100,8.8,15.6,8.6,8.4,7,1.6,2,0.9,37.2,9.8
E02003802,100,23.1,7.9,7.7,8,5.8,1.5,2.1,1.8,33.2,8.9
E02003803,100,27.7,6.1,7.4,6.8,5.6,2.2,2.1,2.5,30.4,9.1
E02003804,100,13.3,12.6,6.2,9.5,6.6,1.8,1.6,1.2,37.3,9.9
E02003805,100,3.4,9.6,9.6,12.1,6.4,1.9,2,0.9,43.5,10.6
E02003806,100,5.6,13.3,5.7,12.1,6.9,1.6,2.4,1.2,42.7,8.5
E02003807,100,12.6,11.1,4.7,10.4,5.7,2,2,1.3,42,8.2
E02003808,100,7.1,25.6,6.6,10.8,4.4,2.7,1.6,1.1,27.4,12.8
E02003809,100,3.3,4.1,9.1,17.2,6.2,3.7,2.1,1.5,40.1,12.9
E02003810,100,4.8,4,8.1,13.4,10.4,3.7,3,1.6,38.4,12.8
E02003841,100,10.4,5.3,11.9,19.3,3.8,2.5,1.7,1.5,32,11.5
E02003842,100,2.4,5.8,10.7,20,4.1,2.8,2.3,1.2,39.5,11.2
E02003843,100,10.4,16.4,15.3,16.7,3.5,1.7,1.4,0.8,19.7,14
E02003844,100,10.1,3.8,11.9,18.8,4.5,3.1,2,1.4,30.7,13.7
E02003845,100,16.5,12.4,16.2,14.8,4.9,1.4,1.4,1.1,16.7,14.6
E02003846,100,13.4,18.6,16.1,13.6,3.9,1.9,1.2,1.2,16.3,13.9
E02003847,100,4.5,12.8,16.5,15,3.8,2.1,1.7,1.1,31.2,11.3
E02003848,100,16.3,15.4,17.8,11.5,5.1,1.4,1.2,1.5,16.4,13.5
E02003849,100,19.7,9.9,17.9,12.9,4.8,1.3,1.2,1.4,15.9,15
E02003850,100,10.4,15.8,21.2,11.6,4.6,1.5,1.2,1,19.7,13.1
E02003851,100,13.8,9.6,16.9,13.2,4.6,1.9,1.3,1.4,26,11.4
E02003852,100,8,14.8,18.2,12.6,4.6,1.3,1.2,1.2,26.2,11.9
E02003874,100,8.4,7.4,7.1,18.2,6.7,2.9,0.8,1.2,37.2,9.9
E02003875,100,2.7,6.8,7.3,11.3,10.4,3.4,1.1,0.8,42.8,13.5
E02003876,100,6.9,15.2,10.9,12.8,8.8,2.7,0.6,1,26.6,14.5
E02003877,100,3.9,4,9,19.8,7.6,2.7,1.5,1.4,39.2,10.9
E02003878,100,6.1,8.6,10.6,12.5,7.6,3.4,1.2,1.2,36.3,12.4
E02003879,100,13.8,9,7.3,11.7,9,3.3,0.5,0.9,31.9,12.7
E02003880,100,6.2,12.9,14.1,12.6,8,3.4,0.3,0.9,26.2,15.3
E02003881,100,14.3,11.6,7.6,10.6,7.8,3.4,0.6,0.6,28.6,14.8
E02003882,100,18.9,10.6,9.5,11.3,6.9,2.7,0.6,0.9,25,13.6
E02003883,100,5.8,8.7,5.8,10.1,9.6,4.2,0.7,1.3,45.4,8.4
E02003884,100,2.7,4.6,10.1,11,8.6,4.2,1.1,1.1,46.7,9.8
E02003885,100,2.8,14.5,6,10,9.5,4.1,1.2,0.9,39.1,12
E02003886,100,25.1,9.3,13.2,9.2,7.9,2.8,0.7,0.9,18.2,12.8
E02003887,100,9.7,10.6,14.3,10,8.3,3.4,0.9,0.9,27.8,14
E02003888,100,20.8,12.1,13,8.4,6.7,3,1,1,18.9,15.2
E02003889,100,13.9,12.6,15.2,10,7.9,2.8,0.8,1.1,21.2,14.3
E02003890,100,15,10.6,14.2,8.4,7.2,3.7,1,1,24.5,14.4
E02003891,100,4.7,3.8,6.3,15.9,6.5,3.2,1.5,1.4,44.9,11.8
E02003965,100,20.2,2.8,2.9,19.3,9.3,5.4,2.9,1.6,20.6,15
E02003966,100,3,3.8,10,17.7,7.8,4.3,3.2,1.9,35.2,13.2
E02003967,100,6.6,3.2,7.9,17.6,13.8,5.6,1.6,1.4,25,17.2
E02003968,100,9.7,5.5,15,13.1,7.3,9.4,3.3,1.9,19.5,15.3
E02003969,100,12.1,7.9,21,10.8,8,4.5,4,1.2,12,18.4
E02003970,100,6.5,6.4,11.7,14.9,8.8,2.2,2.6,1.4,35.1,10.5
E02003971,100,13.6,2,3.3,19.9,8,3.7,1.1,1.4,35.2,11.7
E02003972,100,15.4,14.6,6.9,9,13.8,1,5,1.5,20.2,12.6
E02003973,100,23,15.4,5.6,9.1,12.4,1.5,4.1,1.5,14.4,13
E02003974,100,23.9,11.7,4.4,9,14.2,1.2,3.7,1.4,17.4,13.1
E02003975,100,5.8,16.1,10.5,7.8,16.4,1.3,4.1,0.9,26,11.2
E02003976,100,22.6,3.9,3.3,4.4,12.6,4.6,0.9,1.1,31.8,14.8
E02003977,100,5.6,8.9,43.5,3.4,1.5,3,0.3,1.2,20.5,12.1
E02003978,100,6.5,17.4,35.5,2.4,1.4,2.8,0.6,1,19.6,13.1
E02003979,100,18.3,35,2.6,3.7,0.7,2.7,0.6,1.3,27.1,8.1
E02003980,100,34.9,25.3,2.7,4.9,1.5,2,0.4,1.7,13.3,13.3
E02003981,100,37.1,20.7,1.6,4.4,1.2,2.1,0.3,1.2,22.5,9
E02003982,100,10.3,41.9,3.6,4.3,1.1,2.1,0.7,1.2,25.7,9.1
E02003983,100,37.2,23.2,1.8,5.2,1.2,1.7,0.6,1.5,14.5,13.1
E02003984,100,48.5,12.2,2.9,5.1,1.9,1.3,1.2,2.3,12,12.6
E02003985,100,29.8,29.6,2.2,4.8,0.8,1.7,1,1.6,17,11.5
E02003986,100,37.7,20.4,3.5,4.8,1.1,1.6,1,1.4,17.5,11
E02003987,100,5.1,4.5,12.9,20.7,4.3,1.5,3.1,2.4,28,17.6
E02003988,100,10.2,2.7,3.5,28.1,3.8,3.2,1.7,2.8,27,17.1
E02003989,100,17.9,29.3,5.3,4.1,1.5,2.7,1.7,2.1,20.7,14.8
E02003990,100,12.9,26.8,9.6,5.2,2.7,1.9,1.8,2.7,23.3,13.1
E02003991,100,9.9,27.6,13.1,5.7,1.7,2.3,1.6,2.6,20.3,15.2
E02003992,100,35.2,18.2,3.7,3.7,3,1.8,1.5,2.7,18.3,11.8
E02003993,100,2.4,5.9,23.3,11.7,4.2,1.6,1.7,2.6,32.6,14.1
E02003994,100,38.8,19,3.9,4.1,2.8,1.3,1.5,1.9,12.8,13.9
E02003995,100,27,30,5.6,4.2,2.3,1.2,1.4,1.7,10.7,15.9
E02003996,100,35.2,18.2,5.7,4.5,3.9,1.4,1.3,1.9,14.4,13.5
E02003997,100,23.9,27.6,10.5,4,4.2,1.5,1.5,2.3,8.8,15.5
E02003998,100,23.6,27,9.1,4.1,3,1.4,1.1,1.8,11,17.9
E02003999,100,8.1,24.8,15.5,5.9,3.8,1.3,1.9,2.2,22.8,13.6
E02004000,100,4.4,16.2,16.7,20,2,0.6,3.4,1.3,23.2,12.3
E02004001,100,18,6.4,9.3,25.3,1.1,0.4,2.1,1.7,27.2,8.5
E02004002,100,14.9,8.7,8.1,28.4,0.9,0.4,2.8,1.5,26.4,7.9
E02004003,100,5.9,11.4,12.6,28.8,1.3,0.7,2.8,1.5,24.6,10.3
E02004004,100,15.2,13.1,6.1,30,1.5,0.6,2.4,1.7,18.9,10.5
E02004005,100,7.8,7.2,32.1,12.2,2.4,1,2.4,2.2,22.5,10.1
E02004006,100,4.1,14.7,13.5,10.4,4.7,1.8,1.2,2.1,37.5,10.1
E02004007,100,15.8,6.7,4.5,14.4,12.4,3.4,4.7,1.7,23.8,12.7
E02004008,100,5.6,2.4,9.2,13.2,7.7,4.1,2.6,2.1,35.1,18
E02004009,100,2.1,3.7,8.8,20.5,8,1.5,2.4,1.7,33.9,17.5
E02004010,100,37.5,4.4,8.8,4.8,7,3.2,1.7,1.3,13.9,17.4
E02004011,100,24.6,8.9,7.5,3.7,7.5,5,1.2,1.8,22.4,17.4
E02004012,100,4.7,6.5,10.1,7.8,7.1,4.7,2.2,2.1,39.6,15.3
E02004013,100,7.8,3.5,7.8,17.7,5,4.3,4.2,2.5,28.6,18.6
E02004014,100,7.9,5.2,4.8,9,8.3,7.3,4,3.1,30.7,19.8
E02004015,100,19.6,7,8.7,7.4,4.4,2.6,1.2,1.8,33.1,14.1
E02004016,100,19,6.7,11.7,11.5,3,3.4,0.8,1.7,26.4,16
E02004017,100,27.3,10.1,4.5,11,3.1,3.2,1,1.8,21.5,16.4
E02004018,100,30.4,8.7,3.2,12.3,3.5,3.6,0.7,2,20.3,15.4
E02004019,100,19,10.3,6.4,10.7,3.8,3.6,1.6,2.5,26.8,15.4
E02004020,100,19.2,17.7,5.1,9.7,3.7,4.3,1,1.8,21.5,16
E02004021,100,3.3,5.3,9.9,17.9,5.7,1.9,1.5,2.1,35.7,16.7
E02004022,100,6.1,4.8,8.3,18.2,8.7,2.6,1.4,1.2,33.7,15
E02004023,100,13.7,2.6,2.7,14.3,6.9,3.9,3.7,3,33.2,16
E02004024,100,4.2,7.5,14.1,13,5.9,2.3,2.3,2.6,32.1,16.1
E02004025,100,7.2,6.4,7.9,21.6,5.4,1.9,1.9,2.2,27.7,17.9
E02004026,100,19.8,2.2,6.2,20.6,9.8,0.9,1.5,1.7,24.4,12.9
E02004027,100,9.8,8.8,5,15.1,10.8,0.6,1.6,2,28.3,17.9
E02004028,100,8.8,7.4,15,14.5,7.6,2.5,1.3,1.9,28.7,12.2
E02005176,100,16.8,24.6,8.7,13,2.9,2.9,0.7,0.8,16,13.5
E02005177,100,27.8,17.5,6.7,12.5,3,3.4,0.6,0.6,12.2,15.7
E02005178,100,31.5,13.3,7.1,10.4,2.2,2.7,0.9,0.8,13.1,18.1
E02005179,100,11.4,15.5,21.1,12.8,3.5,1.4,0.8,1,17,15.5
E02005180,100,12.3,21.9,10.7,12.4,4.3,2.2,1.1,0.9,20.7,13.4
E02005181,100,19.2,20.3,12.4,10.5,3.7,2,1.2,0.4,16.2,14.2
E02005182,100,25.8,17.8,11.9,11.3,2.1,1.7,0.9,0.7,13.3,14.6
E02005183,100,18.3,19.2,13.5,12.3,3.3,2,0.6,0.5,16.1,14.2
E02005184,100,3.3,20.5,14.4,13,3.8,3.3,1.1,0.8,25.9,14
E02005185,100,24.1,19.5,14.2,9.8,2.9,1.5,1.1,0.9,12.5,13.4
E02005186,100,8,17.7,16.6,12.8,4.3,2.1,1,0.9,22.4,14.2
E02006881,100,18,17.6,14.1,10.8,3.1,2.2,0.8,1.1,18.2,14.1
E02005189,100,17.3,13,19.1,8.9,3.8,2,0.8,0.7,20.8,13.6
E02005190,100,3.5,5.7,18.5,15.2,4.7,2.8,1,0.7,35.2,12.7
E02005191,100,5.8,14.8,13.1,11.7,5,3.2,0.9,0.9,33.6,10.8
E02005192,100,4.7,14.1,8.5,15,5,3.7,1.2,0.8,35.8,11.2
E02005193,100,7,16,8.4,14.3,3.7,2.9,0.8,1.4,32.4,13
E02005194,100,18.4,10.1,10.4,14.1,3.2,2.1,0.6,1.1,24.9,15.1
E02005195,100,5,5.7,13.9,14.6,5.2,1.8,1,1.3,35.6,15.7
E02005196,100,11.1,11.4,9.1,15.5,4.8,3.5,1.2,1,30.8,11.7
E02005197,100,18.5,11.6,9.9,15.8,2.5,2.6,0.4,0.8,20.6,17.2
E02005198,100,17.1,10.9,11.2,15.3,3.5,2.2,0.8,0.8,24.5,13.8
E02005199,100,4.4,8.7,16,16,4.1,2.3,0.9,0.9,31.9,14.8
E02005200,100,12.5,13.3,11.8,14.4,3.6,1.9,0.7,0.9,24.6,16.5
E02005201,100,8.1,15.6,14.6,15.1,4.5,2.5,0.7,0.8,21.4,16.5
E02005202,100,5.9,9.4,13,17.4,6.2,1.8,0.4,0.6,29.8,15.4
E02005203,100,7.5,14.7,15,11.4,3.3,1,1,1.6,30.9,13.5
E02005204,100,16,5.2,12.6,17,2.2,1.4,1.7,1.1,27.8,14.9
E02005205,100,8,8.8,12.2,18.1,1.9,2.3,1.5,1.2,31.7,14.5
E02005206,100,13.8,15.5,15.1,5.8,4.3,1.7,1.3,1.9,26,14.7
E02005207,100,10.2,17.9,13,5.6,3.4,1.5,1.5,1.5,33.9,11.6
E02005208,100,13.9,11.1,14.3,5.7,3.8,1.4,1.6,1.8,32.9,13.5
E02005209,100,7.5,8.9,12.9,20.2,2.3,1.8,1.4,1.3,29.8,13.9
E02005210,100,9.9,10.7,14.5,6.8,3.5,1.9,1.5,1.4,38.2,11.5
E02005211,100,11.1,7.4,14.5,10.8,2.3,2.1,1.9,1.4,36.8,11.7
E02005212,100,10.6,16.2,19.6,11.9,4,1.8,0.8,1,18.9,15.1
E02005213,100,9.9,17.3,19.7,10.5,4.4,2,1.3,0.8,19.4,14.7
E02005214,100,7.3,26.2,13.9,11.4,3.1,1.2,0.7,0.9,18.6,16.7
E02005215,100,19.5,13,20.2,9.1,4.3,1.4,0.9,0.8,15.7,15.1
E02005216,100,18.2,19.3,16.1,9.9,3.1,1.5,0.9,0.8,15.2,14.9
E02005217,100,21.5,9.5,20,9.4,4.5,1.5,1.2,0.6,12.8,19
E02005218,100,11.9,22.5,15.9,9.9,3.9,1.3,1,1.2,17.3,15.1
E02005219,100,11.3,13,21.9,9.6,4.8,1.7,1,0.9,21.3,14.4
E02005220,100,10.5,21.9,14.4,11.5,3.3,1.4,1,0.7,20.2,15.2
E02005221,100,10.9,4.4,17.5,16.6,5.2,1.9,2.3,2,22,17.1
E02005222,100,2.4,4.6,9.4,16.7,5.9,3.8,3,1.9,38.2,14.1
E02005223,100,3.1,16,19.6,6.8,4.5,3.4,1.7,1.7,27.6,15.5
E02005224,100,13.1,23.2,11,2.6,3.4,3.1,0.9,2,25.4,15.3
E02005225,100,3.9,10.9,20,8.7,4.5,4.9,1.6,1.7,30.2,13.6
E02005226,100,24,19.1,14.2,3.7,3.5,3.7,1,1.6,14.3,14.9
E02005228,100,17.7,20.8,14.6,4,3.1,3.6,0.7,1,14.3,20.1
E02005229,100,13.4,22.1,16.5,4.8,2.6,3.4,0.8,2.1,16,18.3
E02005230,100,24.3,22,8.3,3.2,3.8,4.1,0.7,2.1,13.5,17.9
E02005231,100,23.6,19.5,10.3,3.5,3,4.5,0.9,1.9,16.3,16.6
E02005233,100,23.5,12.8,8.8,3.3,3.5,4.4,1,1.9,29.4,11.3
E02005234,100,28,10,5.5,1.7,3.3,3,0.8,2.5,34.9,10.3
E02005235,100,26.7,10.4,7.8,1.9,3.8,4.1,1.3,2.9,31.3,9.9
E02005236,100,8,20.4,19,4.8,4.3,3.9,0.8,1.9,21.1,15.6
E02005237,100,24.3,13.3,5.6,2.9,3.7,3.8,0.8,2.1,32.4,11.1
E02005238,100,21.5,14.2,9,3.6,4.8,4.3,1,1.9,26.3,13.3
E02005239,100,5.5,9.3,14.4,7,6.8,3,1.5,4.4,34.3,13.8
E02006871,100,20,21.3,9.9,3.1,3.7,4,0.8,1.7,19,16.4
E02005240,100,18.4,3.9,13.6,19.2,5.5,1.5,1.8,0.9,19.4,15.8
E02005241,100,17.4,4.5,16.4,17,4.9,1.6,2,0.9,21.4,13.8
E02005242,100,7.6,10.1,18.8,16.1,4.7,1.7,1.6,0.9,22.3,16.3
E02005245,100,6.6,13,16.3,13.2,5.4,1.7,1.5,1,24.5,16.8
E02005246,100,21.3,13.6,14.1,10.4,4.8,2,1.1,0.6,16,16.1
E02005247,100,10.4,14.5,15.4,10.5,4.8,2.5,1.4,1,26.9,12.4
E02005248,100,31.7,13.6,10.5,7.3,3.6,1.6,1.4,0.7,11.8,18
E02005249,100,30,16.2,9.4,8.8,3.8,2.1,1,0.6,10.7,17.2
E02005250,100,23.5,19.6,6.8,9.5,2.4,2.9,1.4,0.8,15.1,17.8
E02005251,100,19.3,18.9,8.8,9.5,3.9,2.7,1.6,0.6,18.4,16.2
E02005252,100,13.6,22.6,6.7,11.2,3.3,3.4,1.2,1.2,20.1,16.6
E02007003,100,18.9,15,14.5,11.6,4.8,1.8,1.1,1,15.8,15.6
E02005253,100,5.6,11.4,15.4,12.4,5.9,1.3,1.6,0.9,32.7,12.7
E02005254,100,5.4,14.2,12.8,11.2,4.5,1.8,1.9,1.2,36,11
E02005255,100,17.8,17.4,7.4,8.8,4.4,2,1.3,0.8,28.3,11.9
E02005256,100,16.8,17.3,7.4,7.6,5.9,1.4,1.7,0.9,31.6,9.4
E02005257,100,7.7,28.4,12.1,9.2,3.2,1.2,0.9,0.8,19.1,17.4
E02005258,100,19.8,16.2,6.1,6.4,4.6,1.8,1.6,1.2,31.3,11.1
E02005259,100,15.9,26.7,8.6,6.1,4.2,0.8,1.3,0.9,21,14.5
E02005260,100,10.8,21.9,9.8,7.9,2.8,1.6,1.1,1.2,28.5,14.3
E02005261,100,13.9,29.1,13.8,7,3.1,1,1,1.2,13.8,16.2
E02005262,100,4.9,19.6,13.5,10.1,3,1,1.7,1.3,34.2,10.7
E02005263,100,23.5,19.5,9.6,6.8,3.6,1.2,1.3,0.9,19.1,14.5
E02005264,100,21,18.8,10,7,3.8,1.6,1.5,1,22,13.3
E02005265,100,9.2,22.9,14.5,8.1,2.5,1.4,0.9,1,24.2,15.3
E02005266,100,18.1,24.5,12.1,9,3,1,0.7,0.8,15.2,15.7
E02005267,100,26.2,18.6,8.2,6.5,4,1.6,1.2,2.2,17.4,14.2
E02005268,100,18.8,25.9,8.9,7.3,3.6,1.4,1,1.1,18.5,13.6
E02005269,100,21,18.4,9.9,7,4.1,1.4,1.5,1.2,24.6,11
E02005270,100,4.5,6.7,9.1,15.9,7.3,3.6,2.5,1.2,35.8,13.4
E02005271,100,25.3,5,5.9,17.6,4.1,2.8,2.2,0.9,25,11.2
E02005272,100,18.9,9.9,5.6,19.3,5.4,3.2,2.6,0.9,21.4,12.8
E02005273,100,7.9,3.9,13,18.8,6.5,1.9,1.4,0.7,32.3,13.5
E02005274,100,4.1,9,16.9,14.1,6.4,3.2,2.6,0.9,31,11.7
E02005275,100,15.3,6,12.6,17.7,5.2,1.8,1.4,1.2,23.4,15.4
E02005276,100,4.8,5.8,19.4,15.3,3.7,3.4,2,1,33.4,11.1
E02005277,100,2.8,10.5,16.7,13.9,3.6,3.9,1.5,1.1,34.7,11.3
E02005278,100,5.5,10.9,13.5,16.1,7.9,2.2,0.9,1.1,28.3,13.5
E02005279,100,15.5,8.6,12.7,15.7,6.8,1.8,0.9,0.9,22.4,14.8
E02005280,100,10.5,5.8,16.4,19.3,6.5,2,1,0.8,21.2,16.5
E02005281,100,13.1,9.6,7.3,19.2,6.7,1.7,0.7,0.9,27,13.8
E02005284,100,10.8,8.5,8.4,18.6,7.3,1.6,0.9,1.1,29.5,13.3
E02005285,100,6.6,8.6,10.5,20,8.9,1.6,0.8,1,29.3,12.7
E02005286,100,6.5,11.9,16.8,16.4,6,1.7,0.8,1.1,21.1,17.6
E02006884,100,10.9,14,10.7,19.7,4.8,1.7,0.6,0.9,20.2,16.7
E02005287,100,9.7,14.9,13.8,8.2,3.2,1.6,1.2,1,35.8,10.6
E02005288,100,4.6,12.9,22.8,8.6,4.5,1.9,1.5,0.8,28.5,13.8
E02005289,100,7.7,14.1,13.7,8.7,3.9,1.8,1.3,1,37.5,10.3
E02005290,100,7.9,18.7,14.9,7,5,2,0.9,0.7,31.4,11.5
E02005291,100,8.4,21.8,13.1,6.4,4.4,1.4,1,1.1,29.3,13
E02005292,100,6.7,22.1,15.9,6.9,4.2,1.7,1.1,0.5,26,14.8
E02005293,100,15.9,15.3,16.4,6.5,3.6,2.2,0.8,0.8,22.9,15.7
E02005294,100,14.6,13,18.2,7.2,4.4,2.4,1.2,0.6,24.8,13.6
E02005295,100,8.5,19,14.5,6.1,5.6,2,0.9,0.8,28.6,14.1
E02005296,100,6.5,11.7,16.8,8.3,3.9,1.8,1.2,1,36.3,12.5
E02005297,100,5.5,8.9,20.6,11.6,3.2,1.8,1.2,0.9,32.4,14
E02005298,100,9.5,15.5,16.2,8.1,4.8,2.8,1,0.6,27.9,13.6
E02005299,100,15.5,13.2,13.5,10.4,3.5,2.8,0.8,0.8,25.1,14.4
